sample_data <- c(0.500295410165563,0.584337523439899,0.302060334477574,0.585196519270539,0.0825209741014987,0.963140970095992,0.478247332153842,0.842454158468172,0.840973017504439,0.696857748553157)
