sample_data <- c(0.504976000171155,0.259903192752972,0.345890593249351,0.70264131273143,0.967889240011573,0.939811455085874,0.4254718744196,0.330399713013321,0.823047171114013,0.968242949806154)
