sample_data <- c(0.5993936015293,0.203034335980192,0.753247210290283,0.344540053978562,0.461546111851931,0.716643169755116,0.572910849237815,0.941892149392515,0.545157981337979,0.53401185083203)
#left D
