data <- c(0.31298941001296,0.508338243700564,0.392583624925464,0.405604667728767,0.966504845069721,0.234304736135527,0.593813710147515,0.967928256373852,0.80245300848037,0.281920335022733)
