data <- c(0.962851041927934,0.538731281179935,0.115517118712887,0.596428046468645,0.258974306052551,0.66178337787278,0.64286819472909,0.669665311696008,0.938032273203135,0.0548580889590085,0.63675335352309,0.0204777501057833,0.467219669139013,0.167201432632282,0.0111834048293531,0.328174913534895,0.274439904373139,0.0806811903603375,0.270418317755684,0.155239495215937)
