data <- c(0.143003036733717,0.204769104486331,0.378998321015388,0.371589302551001,0.931842972757295,0.359271626919508,0.716875690501183,0.0517125355545431,0.440099643077701,0.269910293165594,0.429899592185393,0.0809333492070436,0.193282488500699,0.812122585950419,0.915811902610585,0.150873064063489,0.382935715606436,0.784862137399614,0.366675633471459,0.71742491540499)
