sample_data <- c(0.116524386685342,0.858929103938863,0.916618322487921,0.053873454220593,0.859659454319626,0.891263075172901,0.421480374177918,0.8387705758214,0.238769141724333,0.274423134978861)
