sample_data <- c(0.882827106164768,0.412827638443559,0.696702137822285,0.307165877660736,0.643940498353913,0.00358431553468108,0.687185418093577,0.521289942553267,0.527792945737019,0.374462995911017)
